photo/105_04_16013.jpg 105 04 0
photo/105_06_1526.jpg 105 06 0
photo/113_04_10254.jpg 113 04 0
photo/113_06_22087.jpg 113 06 0
photo/115_03_2433.jpg 115 03 0
photo/115_05_21590.jpg 115 05 0
photo/118_03_3426.jpg 118 03 0
photo/118_05_11695.jpg 118 05 0
photo/122_04_22076.jpg 122 04 0
photo/122_06_23364.jpg 122 06 0
photo/123_04_23318.jpg 123 04 0
photo/123_06_14623.jpg 123 06 0
photo/124_03_28888.jpg 124 03 0
photo/124_05_2025.jpg 124 05 0
photo/125_04_3467.jpg 125 04 0
photo/125_06_19161.jpg 125 06 0
photo/128_04_5123.jpg 128 04 0
photo/128_06_20656.jpg 128 06 0
photo/129_04_7077.jpg 129 04 0
photo/129_06_22117.jpg 129 06 0
photo/132_04_6735.jpg 132 04 0
photo/132_06_20844.jpg 132 06 0
photo/133_04_13.jpg 133 04 0
photo/133_06_13054.jpg 133 06 0
photo/135_04_7763.jpg 135 04 0
photo/135_06_22887.jpg 135 06 0
photo/136_04_8545.jpg 136 04 0
photo/136_06_25071.jpg 136 06 0
photo/139_03_694.jpg 139 03 0
photo/139_05_13220.jpg 139 05 0
photo/140_06_25366.jpg 140 06 0
photo/140_04_10298.jpg 140 04 0
photo/141_04_11905.jpg 141 04 0
photo/141_06_934.jpg 141 06 0
photo/153_03_26839.jpg 153 03 0
photo/153_05_22505.jpg 153 05 0
photo/156_04_5741.jpg 156 04 0
photo/156_06_11305.jpg 156 06 0
photo/158_04_10702.jpg 158 04 0
photo/158_06_22968.jpg 158 06 0
photo/159_04_10703.jpg 159 04 0
photo/159_06_22813.jpg 159 06 0
photo/163_04_10904.jpg 163 04 0
photo/163_06_22968.jpg 163 06 0
photo/168_04_16758.jpg 168 04 0
photo/168_06_1500.jpg 168 06 0
photo/170_03_16337.jpg 170 03 0
photo/170_05_17694.jpg 170 05 0
photo/171_04_21826.jpg 171 04 0
photo/171_06_8031.jpg 171 06 0
photo/172_04_242.jpg 172 04 0
photo/172_06_12801.jpg 172 06 0
photo/174_04_1596.jpg 174 04 0
photo/174_06_10708.jpg 174 06 0
photo/176_04_8385.jpg 176 04 0
photo/176_06_19571.jpg 176 06 0
photo/177_04_9536.jpg 177 04 0
photo/177_06_20905.jpg 177 06 0
photo/180_04_13428.jpg 180 04 0
photo/180_06_182.jpg 180 06 0
photo/185_03_4285.jpg 185 03 0
photo/185_05_8587.jpg 185 05 0
photo/186_03_6910.jpg 186 03 0
photo/186_05_4759.jpg 186 05 0
photo/190_03_21116.jpg 190 03 0
photo/190_05_25802.jpg 190 05 0
photo/192_03_22381.jpg 192 03 0
photo/192_05_57.jpg 192 05 0
photo/200_03_5955.jpg 200 03 0
photo/200_05_22054.jpg 200 05 0
photo/100_04_20601.jpg 100 04 0
photo/100_06_8896.jpg 100 06 0
photo/81_06_357.jpg 81 06 0
photo/81_04_10952.jpg 81 04 0
photo/82_04_19144.jpg 82 04 0
photo/82_06_15794.jpg 82 06 0
photo/83_04_21550.jpg 83 04 0
photo/83_06_11874.jpg 83 06 0
photo/84_04_674.jpg 84 04 0
photo/84_06_17351.jpg 84 06 0
photo/85_04_6839.jpg 85 04 0
photo/85_06_24424.jpg 85 06 0
photo/86_04_8584.jpg 86 04 0
photo/86_06_25071.jpg 86 06 0
photo/87_04_9334.jpg 87 04 0
photo/87_06_14352.jpg 87 06 0
photo/89_04_3930.jpg 89 04 0
photo/89_06_17610.jpg 89 06 0
photo/91_04_5444.jpg 91 04 0
photo/91_06_10784.jpg 91 06 0
photo/92_04_15652.jpg 92 04 0
photo/92_06_3107.jpg 92 06 0
photo/94_04_17863.jpg 94 04 0
photo/94_06_5927.jpg 94 06 0
photo/95_04_21826.jpg 95 04 0
photo/95_06_8050.jpg 95 06 0
photo/97_04_17337.jpg 97 04 0
photo/97_06_20034.jpg 97 06 0
photo/98_04_18586.jpg 98 04 0
photo/98_06_5566.jpg 98 06 0
photo/1_05_356.jpg 1 05 0
photo/1_07_10697.jpg 1 07 0
photo/10_03_22011.jpg 10 03 0
photo/10_05_7766.jpg 10 05 0
photo/12_03_14085.jpg 12 03 0
photo/12_05_7880.jpg 12 05 0
photo/13_03_21682.jpg 13 03 0
photo/13_05_8337.jpg 13 05 0
photo/14_03_21692.jpg 14 03 0
photo/14_05_8338.jpg 14 05 0
photo/15_03_21739.jpg 15 03 0
photo/15_05_8336.jpg 15 05 0
photo/16_03_3740.jpg 16 03 0
photo/16_05_13663.jpg 16 05 0
photo/17_03_3539.jpg 17 03 0
photo/17_05_22669.jpg 17 05 0
photo/2_05_355.jpg 2 05 0
photo/2_07_10697.jpg 2 07 0
photo/20_03_29193.jpg 20 03 0
photo/20_05_18304.jpg 20 05 0
photo/23_03_20676.jpg 23 03 0
photo/23_05_18820.jpg 23 05 0
photo/24_05_18821.jpg 24 05 0
photo/24_03_20608.jpg 24 03 0
photo/25_03_19906.jpg 25 03 0
photo/25_05_25101.jpg 25 05 0
photo/26_03_23777.jpg 26 03 0
photo/26_05_25100.jpg 26 05 0
photo/28_03_15070.jpg 28 03 0
photo/28_07_22991.jpg 28 07 0
photo/30_03_15020.jpg 30 03 0
photo/30_07_8639.jpg 30 07 0
photo/32_07_20161.jpg 32 07 0
photo/32_03_3281.jpg 32 03 0
photo/33_03_2772.jpg 33 03 0
photo/33_05_7089.jpg 33 05 0
photo/34_03_24066.jpg 34 03 0
photo/34_05_26434.jpg 34 05 0
photo/36_03_28795.jpg 36 03 0
photo/36_05_26582.jpg 36 05 0
photo/37_04_12101.jpg 37 04 0
photo/37_06_2408.jpg 37 06 0
photo/38_04_16013.jpg 38 04 0
photo/38_06_1526.jpg 38 06 0
photo/39_04_17821.jpg 39 04 0
photo/39_06_5486.jpg 39 06 0
photo/4_03_19318.jpg 4 03 0
photo/4_05_4840.jpg 4 05 0
photo/40_06_12119.jpg 40 06 0
photo/40_04_22378.jpg 40 04 0
photo/41_03_22835.jpg 41 03 0
photo/41_05_26288.jpg 41 05 0
photo/42_03_3717.jpg 42 03 0
photo/42_04_16689.jpg 42 04 0
photo/43_03_3426.jpg 43 03 0
photo/43_04_1892.jpg 43 04 0
photo/44_03_2366.jpg 44 03 0
photo/44_05_21590.jpg 44 05 0
photo/45_03_3611.jpg 45 03 0
photo/45_04_1892.jpg 45 04 0
photo/49_05_18673.jpg 49 05 0
photo/49_03_10887.jpg 49 03 0
photo/5_03_19377.jpg 5 03 0
photo/5_05_4839.jpg 5 05 0
photo/50_03_7397.jpg 50 03 0
photo/50_05_25392.jpg 50 05 0
photo/51_03_28864.jpg 51 03 0
photo/51_05_2025.jpg 51 05 0
photo/52_04_879.jpg 52 04 0
photo/52_06_13054.jpg 52 06 0
photo/54_03_3426.jpg 54 03 0
photo/54_05_11696.jpg 54 05 0
photo/55_03_3821.jpg 55 03 0
photo/55_05_22707.jpg 55 05 0
photo/56_03_28740.jpg 56 03 0
photo/56_05_3435.jpg 56 05 0
photo/59_03_3643.jpg 59 03 0
photo/59_05_11693.jpg 59 05 0
photo/6_03_21682.jpg 6 03 0
photo/6_05_6802.jpg 6 05 0
photo/60_03_28229.jpg 60 03 0
photo/60_05_4863.jpg 60 05 0
photo/61_04_11320.jpg 61 04 0
photo/61_06_1613.jpg 61 06 0
photo/62_03_3740.jpg 62 03 0
photo/62_05_22669.jpg 62 05 0
photo/63_03_6849.jpg 63 03 0
photo/63_05_4759.jpg 63 05 0
photo/64_03_3785.jpg 64 03 0
photo/64_05_22939.jpg 64 05 0
photo/66_03_26853.jpg 66 03 0
photo/66_05_20624.jpg 66 05 0
photo/68_03_22070.jpg 68 03 0
photo/68_05_22235.jpg 68 05 0
photo/7_03_21682.jpg 7 03 0
photo/7_05_6802.jpg 7 05 0
photo/70_03_21457.jpg 70 03 0
photo/70_05_18301.jpg 70 05 0
photo/71_04_21550.jpg 71 04 0
photo/71_06_22776.jpg 71 06 0
photo/72_04_12839.jpg 72 04 0
photo/72_06_25366.jpg 72 06 0
photo/74_04_3343.jpg 74 04 0
photo/74_06_15746.jpg 74 06 0
photo/75_04_11842.jpg 75 04 0
photo/75_06_692.jpg 75 06 0
photo/76_04_11938.jpg 76 04 0
photo/76_06_670.jpg 76 06 0
photo/77_04_19660.jpg 77 04 0
photo/77_06_7650.jpg 77 06 0
photo/78_04_23616.jpg 78 04 0
photo/78_06_11668.jpg 78 06 0
photo/79_04_23401.jpg 79 04 0
photo/79_06_11668.jpg 79 06 0
photo/8_07_20433.jpg 8 07 0
photo/8_03_3301.jpg 8 03 0
photo/80_04_10253.jpg 80 04 0
photo/80_06_22002.jpg 80 06 0
photo/101_04_9701.jpg 101 04 0
photo/101_06_15746.jpg 101 06 0
photo/103_03_10934.jpg 103 03 0
photo/103_05_18127.jpg 103 05 0
photo/107_03_1777.jpg 107 03 0
photo/107_05_22456.jpg 107 05 0
photo/108_04_3467.jpg 108 04 0
photo/108_06_19184.jpg 108 06 0
photo/109_03_1777.jpg 109 03 0
photo/109_05_22450.jpg 109 05 0
photo/110_04_19144.jpg 110 04 0
photo/110_06_15794.jpg 110 06 0
photo/112_03_2366.jpg 112 03 0
photo/112_05_21591.jpg 112 05 0
photo/114_04_10435.jpg 114 04 0
photo/114_06_21939.jpg 114 06 0
photo/116_04_11320.jpg 116 04 0
photo/116_06_1613.jpg 116 06 0
photo/117_04_12270.jpg 117 04 0
photo/117_06_3884.jpg 117 06 0
photo/120_03_3611.jpg 120 03 0
photo/120_05_22808.jpg 120 05 0
photo/134_04_6839.jpg 134 04 0
photo/134_06_24442.jpg 134 06 0
photo/137_03_21532.jpg 137 03 0
photo/137_05_9290.jpg 137 05 0
photo/160_04_10883.jpg 160 04 0
photo/160_06_23340.jpg 160 06 0
photo/164_04_12853.jpg 164 04 0
photo/164_06_12761.jpg 164 06 0
photo/169_04_17084.jpg 169 04 0
photo/169_06_4411.jpg 169 06 0
photo/178_04_11923.jpg 178 04 0
photo/178_06_19022.jpg 178 06 0
photo/181_06_225.jpg 181 06 0
photo/181_04_13429.jpg 181 04 0
photo/182_03_27997.jpg 182 03 0
photo/182_05_4864.jpg 182 05 0
photo/191_03_488.jpg 191 03 0
photo/191_05_194.jpg 191 05 0
photo/193_03_22728.jpg 193 03 0
photo/193_05_26287.jpg 193 05 0
photo/194_03_23995.jpg 194 03 0
photo/194_05_25726.jpg 194 05 0
photo/196_03_26962.jpg 196 03 0
photo/196_05_5156.jpg 196 05 0
photo/198_05_26287.jpg 198 05 0
photo/198_03_22621.jpg 198 03 0
photo/93_04_16274.jpg 93 04 0
photo/93_06_2911.jpg 93 06 0
photo/102_04_23558.jpg 102 04 0
photo/102_06_11602.jpg 102 06 0
photo/142_04_13350.jpg 142 04 0
photo/142_06_1158.jpg 142 06 0
photo/143_03_2720.jpg 143 03 0
photo/143_05_13569.jpg 143 05 0
photo/146_04_876.jpg 146 04 0
photo/146_06_15581.jpg 146 06 0
photo/147_04_3060.jpg 147 04 0
photo/147_06_17770.jpg 147 06 0
photo/148_04_3413.jpg 148 04 0
photo/148_05_1057.jpg 148 05 0
photo/149_06_26384.jpg 149 06 0
photo/149_04_8942.jpg 149 04 0
photo/150_04_1443.jpg 150 04 0
photo/150_06_10708.jpg 150 06 0
photo/151_04_5234.jpg 151 04 0
photo/151_06_18391.jpg 151 06 0
photo/152_04_5234.jpg 152 04 0
photo/152_06_20619.jpg 152 06 0
photo/154_04_5444.jpg 154 04 0
photo/154_06_11454.jpg 154 06 0
photo/157_06_11305.jpg 157 06 0
photo/157_04_5927.jpg 157 04 0
photo/162_04_10885.jpg 162 04 0
photo/162_06_23340.jpg 162 06 0
photo/166_03_2749.jpg 166 03 0
photo/166_05_13546.jpg 166 05 0
photo/167_03_16293.jpg 167 03 0
photo/167_05_17695.jpg 167 05 0
photo/187_03_26025.jpg 187 03 0
photo/187_05_4846.jpg 187 05 0
