photo/115_03_2433.jpg 115 03 0
photo/115_05_21590.jpg 115 05 0
photo/118_03_3426.jpg 118 03 0
photo/118_05_11695.jpg 118 05 0
photo/119_04_20530.jpg 119 04 0
photo/119_06_9538.jpg 119 06 0
photo/121_04_22076.jpg 121 04 0
photo/121_06_12323.jpg 121 06 0
photo/122_04_22076.jpg 122 04 0
photo/122_06_23364.jpg 122 06 0
photo/123_04_23318.jpg 123 04 0
photo/123_06_14623.jpg 123 06 0
photo/125_04_3467.jpg 125 04 0
photo/125_06_19161.jpg 125 06 0
photo/126_04_4223.jpg 126 04 0
photo/126_06_17225.jpg 126 06 0
photo/128_04_5123.jpg 128 04 0
photo/128_06_20656.jpg 128 06 0
photo/130_04_7077.jpg 130 04 0
photo/130_06_22025.jpg 130 06 0
photo/132_04_6735.jpg 132 04 0
photo/132_06_20844.jpg 132 06 0
photo/135_04_7763.jpg 135 04 0
photo/135_06_22887.jpg 135 06 0
photo/139_03_694.jpg 139 03 0
photo/139_05_13220.jpg 139 05 0
photo/140_06_25366.jpg 140 06 0
photo/140_04_10298.jpg 140 04 0
photo/141_04_11905.jpg 141 04 0
photo/141_06_934.jpg 141 06 0
photo/158_04_10702.jpg 158 04 0
photo/158_06_22968.jpg 158 06 0
photo/163_04_10904.jpg 163 04 0
photo/163_06_22968.jpg 163 06 0
photo/165_06_1142.jpg 165 06 0
photo/165_04_13702.jpg 165 04 0
photo/168_04_16758.jpg 168 04 0
photo/168_06_1500.jpg 168 06 0
photo/170_03_16337.jpg 170 03 0
photo/170_05_17694.jpg 170 05 0
photo/171_04_21826.jpg 171 04 0
photo/171_06_8031.jpg 171 06 0
photo/172_04_242.jpg 172 04 0
photo/172_06_12801.jpg 172 06 0
photo/173_06_17436.jpg 173 06 0
photo/173_04_5305.jpg 173 04 0
photo/174_04_1596.jpg 174 04 0
photo/174_06_10708.jpg 174 06 0
photo/175_04_8384.jpg 175 04 0
photo/175_06_19565.jpg 175 06 0
photo/176_04_8385.jpg 176 04 0
photo/176_06_19571.jpg 176 06 0
photo/177_04_9536.jpg 177 04 0
photo/177_06_20905.jpg 177 06 0
photo/179_04_11923.jpg 179 04 0
photo/179_06_19203.jpg 179 06 0
photo/180_04_13428.jpg 180 04 0
photo/180_06_182.jpg 180 06 0
photo/185_03_4285.jpg 185 03 0
photo/185_05_8587.jpg 185 05 0
photo/186_03_6910.jpg 186 03 0
photo/186_05_4759.jpg 186 05 0
photo/190_03_21116.jpg 190 03 0
photo/190_05_25802.jpg 190 05 0
photo/192_03_22381.jpg 192 03 0
photo/192_05_57.jpg 192 05 0
photo/199_03_22228.jpg 199 03 0
photo/199_05_25552.jpg 199 05 0
photo/200_03_5955.jpg 200 03 0
photo/200_05_22054.jpg 200 05 0
photo/100_04_20601.jpg 100 04 0
photo/100_06_8896.jpg 100 06 0
photo/67_04_19941.jpg 67 04 0
photo/67_06_7704.jpg 67 06 0
photo/81_06_357.jpg 81 06 0
photo/81_04_10952.jpg 81 04 0
photo/82_04_19144.jpg 82 04 0
photo/82_06_15794.jpg 82 06 0
photo/85_04_6839.jpg 85 04 0
photo/85_06_24424.jpg 85 06 0
photo/86_04_8584.jpg 86 04 0
photo/86_06_25071.jpg 86 06 0
photo/87_04_9334.jpg 87 04 0
photo/87_06_14352.jpg 87 06 0
photo/88_04_16000.jpg 88 04 0
photo/88_06_5492.jpg 88 06 0
photo/90_04_3940.jpg 90 04 0
photo/90_06_25071.jpg 90 06 0
photo/91_04_5444.jpg 91 04 0
photo/91_06_10784.jpg 91 06 0
photo/92_04_15652.jpg 92 04 0
photo/92_06_3107.jpg 92 06 0
photo/94_04_17863.jpg 94 04 0
photo/94_06_5927.jpg 94 06 0
photo/96_04_7512.jpg 96 04 0
photo/96_06_10194.jpg 96 06 0
photo/97_04_17337.jpg 97 04 0
photo/97_06_20034.jpg 97 06 0
photo/98_04_18586.jpg 98 04 0
photo/98_06_5566.jpg 98 06 0
photo/1_05_356.jpg 1 05 0
photo/1_07_10697.jpg 1 07 0
photo/10_03_22011.jpg 10 03 0
photo/10_05_7766.jpg 10 05 0
photo/11_03_22029.jpg 11 03 0
photo/11_05_7767.jpg 11 05 0
photo/12_03_14085.jpg 12 03 0
photo/12_05_7880.jpg 12 05 0
photo/13_03_21682.jpg 13 03 0
photo/13_05_8337.jpg 13 05 0
photo/16_03_3740.jpg 16 03 0
photo/16_05_13663.jpg 16 05 0
photo/17_03_3539.jpg 17 03 0
photo/17_05_22669.jpg 17 05 0
photo/18_05_17532.jpg 18 05 0
photo/18_03_1489.jpg 18 03 0
photo/19_03_29193.jpg 19 03 0
photo/19_05_18305.jpg 19 05 0
photo/2_05_355.jpg 2 05 0
photo/2_07_10697.jpg 2 07 0
photo/20_03_29193.jpg 20 03 0
photo/20_05_18304.jpg 20 05 0
photo/21_03_29278.jpg 21 03 0
photo/21_05_18303.jpg 21 05 0
photo/22_03_19218.jpg 22 03 0
photo/22_05_18683.jpg 22 05 0
photo/23_03_20676.jpg 23 03 0
photo/23_05_18820.jpg 23 05 0
photo/24_05_18821.jpg 24 05 0
photo/24_03_20608.jpg 24 03 0
photo/26_03_23777.jpg 26 03 0
photo/26_05_25100.jpg 26 05 0
photo/27_03_23786.jpg 27 03 0
photo/27_05_25190.jpg 27 05 0
photo/3_03_8490.jpg 3 03 0
photo/3_05_1521.jpg 3 05 0
photo/30_03_15020.jpg 30 03 0
photo/30_07_8639.jpg 30 07 0
photo/32_07_20161.jpg 32 07 0
photo/32_03_3281.jpg 32 03 0
photo/33_03_2772.jpg 33 03 0
photo/33_05_7089.jpg 33 05 0
photo/35_03_28795.jpg 35 03 0
photo/35_05_26581.jpg 35 05 0
photo/36_03_28795.jpg 36 03 0
photo/36_05_26582.jpg 36 05 0
photo/37_04_12101.jpg 37 04 0
photo/37_06_2408.jpg 37 06 0
photo/38_04_16013.jpg 38 04 0
photo/38_06_1526.jpg 38 06 0
photo/39_04_17821.jpg 39 04 0
photo/39_06_5486.jpg 39 06 0
photo/4_03_19318.jpg 4 03 0
photo/4_05_4840.jpg 4 05 0
photo/40_06_12119.jpg 40 06 0
photo/40_04_22378.jpg 40 04 0
photo/41_03_22835.jpg 41 03 0
photo/41_05_26288.jpg 41 05 0
photo/42_03_3717.jpg 42 03 0
photo/42_04_16689.jpg 42 04 0
photo/43_03_3426.jpg 43 03 0
photo/43_04_1892.jpg 43 04 0
photo/44_03_2366.jpg 44 03 0
photo/44_05_21590.jpg 44 05 0
photo/45_03_3611.jpg 45 03 0
photo/45_04_1892.jpg 45 04 0
photo/46_04_22393.jpg 46 04 0
photo/46_06_12119.jpg 46 06 0
photo/47_03_9951.jpg 47 03 0
photo/47_05_18085.jpg 47 05 0
photo/48_03_3475.jpg 48 03 0
photo/48_05_22590.jpg 48 05 0
photo/49_05_18673.jpg 49 05 0
photo/49_03_10887.jpg 49 03 0
photo/50_03_7397.jpg 50 03 0
photo/50_05_25392.jpg 50 05 0
photo/51_03_28864.jpg 51 03 0
photo/51_05_2025.jpg 51 05 0
photo/53_03_3785.jpg 53 03 0
photo/53_05_22855.jpg 53 05 0
photo/57_05_9291.jpg 57 05 0
photo/57_03_21483.jpg 57 03 0
photo/58_03_694.jpg 58 03 0
photo/58_05_13221.jpg 58 05 0
photo/59_03_3643.jpg 59 03 0
photo/59_05_11693.jpg 59 05 0
photo/6_03_21682.jpg 6 03 0
photo/6_05_6802.jpg 6 05 0
photo/61_04_11320.jpg 61 04 0
photo/61_06_1613.jpg 61 06 0
photo/62_03_3740.jpg 62 03 0
photo/62_05_22669.jpg 62 05 0
photo/63_03_6849.jpg 63 03 0
photo/63_05_4759.jpg 63 05 0
photo/65_06_21938.jpg 65 06 0
photo/65_04_10309.jpg 65 04 0
photo/66_03_26853.jpg 66 03 0
photo/66_05_20624.jpg 66 05 0
photo/69_03_22105.jpg 69 03 0
photo/69_05_22260.jpg 69 05 0
photo/7_03_21682.jpg 7 03 0
photo/7_05_6802.jpg 7 05 0
photo/70_03_21457.jpg 70 03 0
photo/70_05_18301.jpg 70 05 0
photo/72_04_12839.jpg 72 04 0
photo/72_06_25366.jpg 72 06 0
photo/73_06_10972.jpg 73 06 0
photo/73_04_26546.jpg 73 04 0
photo/75_04_11842.jpg 75 04 0
photo/75_06_692.jpg 75 06 0
photo/78_04_23616.jpg 78 04 0
photo/78_06_11668.jpg 78 06 0
photo/79_04_23401.jpg 79 04 0
photo/79_06_11668.jpg 79 06 0
photo/80_04_10253.jpg 80 04 0
photo/80_06_22002.jpg 80 06 0
photo/9_03_21988.jpg 9 03 0
photo/9_05_7789.jpg 9 05 0
photo/103_03_10934.jpg 103 03 0
photo/103_05_18127.jpg 103 05 0
photo/104_03_11015.jpg 104 03 0
photo/104_05_18085.jpg 104 05 0
photo/107_03_1777.jpg 107 03 0
photo/107_05_22456.jpg 107 05 0
photo/108_04_3467.jpg 108 04 0
photo/108_06_19184.jpg 108 06 0
photo/109_03_1777.jpg 109 03 0
photo/109_05_22450.jpg 109 05 0
photo/110_04_19144.jpg 110 04 0
photo/110_06_15794.jpg 110 06 0
photo/111_04_6889.jpg 111 04 0
photo/111_06_19247.jpg 111 06 0
photo/112_03_2366.jpg 112 03 0
photo/112_05_21591.jpg 112 05 0
photo/114_04_10435.jpg 114 04 0
photo/114_06_21939.jpg 114 06 0
photo/116_04_11320.jpg 116 04 0
photo/116_06_1613.jpg 116 06 0
photo/117_04_12270.jpg 117 04 0
photo/117_06_3884.jpg 117 06 0
photo/127_04_5216.jpg 127 04 0
photo/127_06_20656.jpg 127 06 0
photo/134_04_6839.jpg 134 04 0
photo/134_06_24442.jpg 134 06 0
photo/137_03_21532.jpg 137 03 0
photo/137_05_9290.jpg 137 05 0
photo/138_04_9299.jpg 138 04 0
photo/138_06_14352.jpg 138 06 0
photo/164_04_12853.jpg 164 04 0
photo/164_06_12761.jpg 164 06 0
photo/169_04_17084.jpg 169 04 0
photo/169_06_4411.jpg 169 06 0
photo/181_06_225.jpg 181 06 0
photo/181_04_13429.jpg 181 04 0
photo/182_03_27997.jpg 182 03 0
photo/182_05_4864.jpg 182 05 0
photo/183_04_17296.jpg 183 04 0
photo/183_06_20034.jpg 183 06 0
photo/193_03_22728.jpg 193 03 0
photo/193_05_26287.jpg 193 05 0
photo/194_03_23995.jpg 194 03 0
photo/194_05_25726.jpg 194 05 0
photo/195_03_14506.jpg 195 03 0
photo/195_05_8289.jpg 195 05 0
photo/197_03_21682.jpg 197 03 0
photo/197_05_6986.jpg 197 05 0
photo/93_04_16274.jpg 93 04 0
photo/93_06_2911.jpg 93 06 0
photo/102_04_23558.jpg 102 04 0
photo/102_06_11602.jpg 102 06 0
photo/142_04_13350.jpg 142 04 0
photo/142_06_1158.jpg 142 06 0
photo/144_04_17055.jpg 144 04 0
photo/144_06_5151.jpg 144 06 0
photo/145_04_23136.jpg 145 04 0
photo/145_06_10687.jpg 145 06 0
photo/147_04_3060.jpg 147 04 0
photo/147_06_17770.jpg 147 06 0
photo/148_04_3413.jpg 148 04 0
photo/148_05_1057.jpg 148 05 0
photo/149_06_26384.jpg 149 06 0
photo/149_04_8942.jpg 149 04 0
photo/150_04_1443.jpg 150 04 0
photo/150_06_10708.jpg 150 06 0
photo/151_04_5234.jpg 151 04 0
photo/151_06_18391.jpg 151 06 0
photo/152_04_5234.jpg 152 04 0
photo/152_06_20619.jpg 152 06 0
photo/154_04_5444.jpg 154 04 0
photo/154_06_11454.jpg 154 06 0
photo/155_04_5568.jpg 155 04 0
photo/155_06_20685.jpg 155 06 0
photo/161_04_10884.jpg 161 04 0
photo/161_06_23340.jpg 161 06 0
photo/162_04_10885.jpg 162 04 0
photo/162_06_23340.jpg 162 06 0
photo/166_03_2749.jpg 166 03 0
photo/166_05_13546.jpg 166 05 0
photo/184_04_3060.jpg 184 04 0
photo/184_06_17708.jpg 184 06 0
