106
113
115
118
119
121
122
123
124
125
126
128
130
133
136
139
140
141
156
159
163
165
168
171
173
175
176
177
179
180
185
186
190
199
200
100
67
81
82
83
84
85
89
90
92
94
96
97
98
99
1
10
11
12
13
15
16
17
19
2
21
22
23
24
25
26
27
28
29
30
31
32
33
34
35
36
37
38
39
4
40
41
42
44
45
46
47
50
52
53
55
56
57
58
59
60
61
63
64
65
66
68
7
70
72
74
76
77
78
101
103
104
107
109
111
112
114
116
117
127
138
160
164
169
182
183
191
193
194
195
196
197
198
93
102
142
143
144
145
148
150
154
155
157
161
162
167
184
187
188
